# blastx
# Iteration: 0
# Query: 
# RID: 5VS1TEYN016
# Database: nr
# Fields: query acc.ver, subject acc.ver, % identity, alignment length, mismatches, gap opens, q. start, q. end, s. start, s. end, evalue, bit score, % positives, query/sbjct frames
# 100 hits found
Query_17213	WP_173102284.1	99.471	189	1	0	1	567	1	189	9.66e-138	392	99.47	1/0
Query_17213	WP_016172868.1	96.296	189	7	0	1	567	1	189	1.07e-133	382	98.41	1/0
Query_17213	WP_206902313.1	95.238	189	9	0	1	567	1	189	8.65e-133	380	97.35	1/0
Query_17213	WP_095005931.1	95.238	189	9	0	1	567	1	189	3.97e-132	378	97.88	1/0
Query_17213	WP_071864812.1	94.709	189	10	0	1	567	1	189	1.73e-131	377	97.35	1/0
Query_17213	WP_171332924.1	89.418	189	20	0	1	567	1	189	2.37e-125	361	95.24	1/0
Query_17213	WP_171301506.1	88.889	189	21	0	1	567	1	189	4.28e-125	360	95.24	1/0
Query_17213	WP_243198602.1	88.889	189	21	0	1	567	1	189	4.52e-125	360	95.24	1/0
Query_17213	OJG33667.1	88.889	189	21	0	1	567	6	194	4.79e-125	361	95.24	1/0
Query_17213	WP_171335755.1	88.889	189	21	0	1	567	1	189	4.88e-125	360	95.24	1/0
Query_17213	WP_204644867.1	88.889	189	21	0	1	567	1	189	5.57e-125	360	95.24	1/0
Query_17213	HJD15765.1	88.889	189	21	0	1	567	1	189	6.08e-125	360	95.24	1/0
Query_17213	WP_016250868.1	88.889	189	21	0	1	567	1	189	6.57e-125	360	95.24	1/0
Query_17213	WP_171315890.1	88.360	189	22	0	1	567	1	189	1.24e-124	359	95.24	1/0
Query_17213	WP_048603905.1	87.831	189	23	0	1	567	1	189	1.79e-124	359	94.71	1/0
Query_17213	WP_243171445.1	87.831	189	23	0	1	567	1	189	3.48e-124	358	95.24	1/0
Query_17213	WP_122645659.1	89.418	189	20	0	1	567	1	189	3.75e-124	358	93.12	1/0
Query_17213	HJF18956.1	87.302	189	24	0	1	567	1	189	7.48e-124	357	94.71	1/0
Query_17213	WP_161526821.1	87.302	189	24	0	1	567	1	189	1.13e-123	357	94.18	1/0
Query_17213	WP_124006672.1	87.302	189	24	0	1	567	1	189	2.68e-123	356	95.24	1/0
Query_17213	WP_016184408.1	85.714	189	27	0	1	567	1	189	3.28e-122	353	94.18	1/0
Query_17213	WP_234772805.1	86.772	189	25	0	1	567	1	189	3.91e-122	353	94.71	1/0
Query_17213	WP_161899172.1	88.360	189	22	0	1	567	1	189	5.06e-122	353	94.18	1/0
Query_17213	WP_207871759.1	87.302	189	24	0	1	567	1	189	5.13e-122	352	93.65	1/0
Query_17213	WP_161869919.1	87.831	189	23	0	1	567	1	189	5.97e-122	353	94.71	1/0
Query_17213	WP_010752829.1	88.360	189	22	0	1	567	1	189	6.53e-122	352	92.06	1/0
Query_17213	WP_014123559.1	86.772	189	25	0	1	567	1	189	6.70e-122	352	94.71	1/0
Query_17213	WP_016173998.1	87.302	189	24	0	1	567	1	189	9.39e-122	352	93.12	1/0
Query_17213	ELB35019.1	86.772	189	25	0	1	567	5	193	9.70e-122	352	94.71	1/0
Query_17213	WP_087639796.1	86.772	189	25	0	1	567	1	189	1.09e-121	352	93.12	1/0
Query_17213	NDI27791.1	88.360	189	22	0	1	567	1	189	1.12e-121	352	91.53	1/0
Query_17213	AII39779.1	86.772	189	25	0	1	567	19	207	1.38e-121	352	94.71	1/0
Query_17213	HIX69695.1	87.302	189	24	0	1	567	1	189	1.50e-121	352	94.71	1/0
Query_17213	EGP4935718.1	86.772	189	25	0	1	567	1	189	1.66e-121	352	94.71	1/0
Query_17213	WP_002291517.1	86.772	189	25	0	1	567	1	189	1.78e-121	351	94.71	1/0
Query_17213	HBR82275.1	86.772	189	25	0	1	567	1	189	2.26e-121	351	94.71	1/0
Query_17213	WP_225479378.1	86.772	189	25	0	1	567	1	189	3.25e-121	351	94.71	1/0
Query_17213	WP_081134559.1	86.243	189	26	0	1	567	1	189	3.50e-121	351	94.71	1/0
Query_17213	WP_016185180.1	85.185	189	28	0	1	567	1	189	7.94e-121	350	94.18	1/0
Query_17213	EGP4822162.1	86.243	189	26	0	1	567	1	189	9.83e-121	350	94.18	1/0
Query_17213	WP_115235198.1	86.243	189	26	0	1	567	1	189	1.00e-120	350	94.18	1/0
Query_17213	WP_010751728.1	86.243	189	26	0	1	567	1	189	1.21e-120	349	93.65	1/0
Query_17213	WP_086285005.1	87.166	187	24	0	1	561	1	187	1.34e-120	349	95.19	1/0
Query_17213	WP_069654626.1	85.714	189	27	0	1	567	1	189	1.36e-120	349	92.59	1/0
Query_17213	WP_165005284.1	87.166	187	24	0	1	561	1	187	1.37e-120	349	95.19	1/0
Query_17213	WP_005879257.1	85.714	189	27	0	1	567	1	189	1.38e-120	349	94.71	1/0
Query_17213	WP_005227882.1	88.770	187	21	0	1	561	1	187	1.70e-120	349	93.05	1/0
Query_17213	WP_161901582.1	86.243	189	26	0	1	567	1	189	1.85e-120	348	92.06	1/0
Query_17213	WP_159721161.1	85.714	189	27	0	1	567	1	189	1.89e-120	349	93.12	1/0
Query_17213	EEV40086.2	88.770	187	21	0	1	561	4	190	2.60e-120	348	93.05	1/0
Query_17213	WP_010765451.1	86.243	189	26	0	1	567	1	189	2.63e-120	348	92.06	1/0
Query_17213	WP_025868555.1	85.714	189	27	0	1	567	1	189	2.63e-120	348	92.59	1/0
Query_17213	WP_213354842.1	88.770	187	21	0	1	561	1	187	2.85e-120	348	92.51	1/0
Query_17213	WP_068707476.1	85.714	189	27	0	1	567	1	189	2.94e-120	348	94.18	1/0
Query_17213	EPH99642.1	86.243	189	26	0	1	567	1	189	4.46e-120	348	93.12	1/0
Query_17213	WP_202064614.1	86.631	187	25	0	1	561	1	187	4.76e-120	348	93.58	1/0
Query_17213	ONN34923.1	85.714	189	27	0	1	567	19	207	5.67e-120	348	93.65	1/0
Query_17213	HAQ5979596.1	86.243	189	26	0	1	567	1	189	5.68e-120	348	94.18	1/0
Query_17213	WP_218324497.1	85.714	189	27	0	1	567	1	189	5.80e-120	347	93.12	1/0
Query_17213	NTL97876.1	85.714	189	27	0	1	567	1	189	5.94e-120	347	93.65	1/0
Query_17213	WP_142965604.1	88.235	187	22	0	1	561	1	187	6.07e-120	347	93.05	1/0
Query_17213	ELB36266.1	85.714	189	27	0	1	567	5	193	6.19e-120	348	93.12	1/0
Query_17213	WP_225533195.1	85.185	189	28	0	1	567	1	189	6.58e-120	347	92.59	1/0
Query_17213	WP_010718043.1	85.714	189	27	0	1	567	1	189	6.92e-120	347	93.65	1/0
Query_17213	OJG82678.1	86.631	187	25	0	1	561	5	191	8.06e-120	347	94.12	1/0
Query_17213	MBR3046880.1	85.714	189	27	0	1	567	1	189	8.34e-120	347	93.65	1/0
Query_17213	WP_128488025.1	88.235	187	22	0	1	561	1	187	8.43e-120	347	93.05	1/0
Query_17213	WP_002300128.1	85.714	189	27	0	1	567	1	189	9.73e-120	347	93.12	1/0
Query_17213	WP_113816917.1	85.714	189	27	0	1	567	1	189	9.73e-120	347	93.12	1/0
Query_17213	WP_071855247.1	86.631	187	25	0	1	561	1	187	1.06e-119	347	94.12	1/0
Query_17213	MBF8807509.1	85.714	189	27	0	1	567	1	189	1.40e-119	347	93.65	1/0
Query_17213	WP_154774890.1	84.656	189	29	0	1	567	1	189	1.72e-119	347	92.59	1/0
Query_17213	WP_086279089.1	84.656	189	29	0	1	567	1	189	1.79e-119	347	92.59	1/0
Query_17213	WP_140966102.1	88.235	187	22	0	1	561	1	187	1.88e-119	346	92.51	1/0
Query_17213	WP_086350288.1	84.043	188	30	0	1	564	1	188	2.27e-119	346	93.62	1/0
Query_17213	WP_069664051.1	85.185	189	28	0	1	567	1	189	2.36e-119	346	92.06	1/0
Query_17213	WP_010772904.1	84.656	189	29	0	1	567	1	189	2.43e-119	346	92.59	1/0
Query_17213	WP_069645135.1	84.656	189	29	0	1	567	1	189	2.54e-119	346	92.59	1/0
Query_17213	WP_010728097.1	85.185	189	28	0	1	567	1	189	2.55e-119	346	93.12	1/0
Query_17213	WP_065097035.1	87.166	187	24	0	1	561	1	187	2.76e-119	346	92.51	1/0
Query_17213	WP_010763348.1	84.656	189	29	0	1	567	1	189	2.78e-119	346	92.59	1/0
Query_17213	WP_071876881.1	84.656	189	29	0	1	567	1	189	2.81e-119	346	92.59	1/0
Query_17213	WP_086276075.1	86.631	187	25	0	1	561	1	187	2.88e-119	346	93.05	1/0
Query_17213	WP_010719999.1	85.714	189	27	0	1	567	1	189	2.91e-119	346	93.12	1/0
Query_17213	WP_069634847.1	84.127	189	30	0	1	567	1	189	2.97e-119	346	93.12	1/0
Query_17213	AGS76322.1	85.185	189	28	0	1	567	5	193	3.01e-119	346	93.12	1/0
Query_17213	WP_208928024.1	84.656	189	29	0	1	567	1	189	3.04e-119	346	92.59	1/0
Query_17213	WP_081127744.1	85.714	189	27	0	1	567	1	189	3.59e-119	345	93.12	1/0
Query_17213	AFK59919.1	85.185	189	28	0	1	567	19	207	3.78e-119	346	93.12	1/0
Query_17213	OTN77694.1	86.631	187	25	0	1	561	4	190	4.03e-119	345	93.05	1/0
Query_17213	WP_161840950.1	84.127	189	30	0	1	567	1	189	4.10e-119	345	93.12	1/0
Query_17213	WP_113850600.1	84.656	189	29	0	1	567	1	189	4.23e-119	345	93.12	1/0
Query_17213	NTK68871.1	85.185	189	28	0	1	567	1	189	4.57e-119	345	93.12	1/0
Query_17213	WP_002289675.1	85.185	189	28	0	1	567	1	189	4.57e-119	345	93.12	1/0
Query_17213	WP_069639868.1	84.656	189	29	0	1	567	1	189	4.66e-119	345	92.59	1/0
Query_17213	EHG27322.1	85.714	189	27	0	1	567	4	192	5.30e-119	345	92.59	1/0
Query_17213	WP_029487305.1	85.714	189	27	0	1	567	1	189	5.38e-119	345	92.59	1/0
Query_17213	WP_104871678.1	87.166	187	24	0	1	561	1	187	6.21e-119	345	92.51	1/0
Query_17213	MBG7747622.1	85.185	189	28	0	1	567	1	189	6.63e-119	345	93.12	1/0
Query_17213	WP_104889353.1	84.656	189	29	0	1	567	1	189	7.24e-119	345	93.12	1/0


